# List of subhalo IDS corresponding to clusters with log masses between 13.75 and 15.06
1
17908
22736
27878
27879
33174
33175
37492
37493
42631
42632
47315
47316
51512
55060
58081
61682
64929
68209
68210
70146
72656
72657
75826
78522
81618
84201
86933
89298
89299
92076
94753
97407
97408
100238
100239
102598
104399
106813
106814
109278
111937
114186
116080
118255
120494
122240
124332
124333
126393
126394
126395
128624
130736
132753
134864
134865
136963
138686
140473
142408
142409
144438
146890
148391
150265
152070
153871
155568
157536
159038
159039
160830
162664
164428
166136
168095
170051
171961
173751
175556
177232
178993
180645
181998
183493
184677
186177
187628
189037
190677
192574
192575
193825
195434
196895
198208
199580
200926
202722
202723
203920
205477
205478
206778
208573
210119
210120
211746
212863
214510
215607
216757
217958
219288
220542
221891
223141
224397
225690
227131
228536
228537
229908
229909
231373
232872
234128
235366
236464
237512
238666
239857
240917
242311
243651
244754
245923
247170
248325
249440
250514
251630
252434
253650
254681
254682
256038
257224
258352
259549
260599
261480
262558
263571
264563
265569
266530
267741
268726
269847
270904
272151
273527
274607
275987
277136
278412
279583
280543
281465
282174
283213
284417
285612
286408
287336
288533
289454
290315
291274
292469
293455
294431
295353
296363
297446
298403
299287
300374
301161
302073
302799
303671
304751
305722
306833
307862
308891
309685
310757
311727
312721
313633
314629
315603
316406
317358
318336
319273
320319
321422
322253
322987
323749
324341
325142
326069
327054
327853
328787
329613
330515
331453
332312
333104
334022
334855
335712
336600
337382
338269
339339
340025
340753
341652
342548
343433
344282
345066
345893
346454
347377
348355
348989
349781
350629
351287
352149
352898
353539
354377
355197
355973
356838
357658
358219
359091
359570
360434
361285
362146
362897
363626
364561
365333
366250
366925
367707
368550
369457
370119
370917
371737
372432
373072
373669
374327
375020
375696
376271
377068
377712
378506
379410
380128
380828
381609
382406
383024
383898
384682
385354
386010
386738
387497
388335
389199
389917
390684
391418
391986
392679
393217
393892
394672
395298
396004
396773
397296
397993
398522
399176
399903
400757
401460
402163
402694
403479
404167
404697
405461
405973
406629
407355
407986
408634
409329
410080
410630
411108
411683
412328
412966
413605
414330
415071
415728
416322
417717
418149
418698
419273
419934
420794
421528
422036
423339
424030
424519
425259
425838
426528
427248
427698
428353
428848
429523
429989
430554
431997
432565
433062
433713
434175
434865
436294
436984
437468
438136
438755
439339
439883
440474
440866
441354
441827
442352
443557
443999
444685
445254
445757
446262
446767
447501
448070
448645
449116
449715
450433
450916
451595
452184
452697
453332
453937
454484
455033
455495
456964
457496
458173
458739
459274
459829
460401
460952
462094
462772
463239
463782
464307
464983
465493
466138
466819
467417
468025
468521
469146
469716
470235
470731
471317
471746
472332
472857
473315
474319
474786
475358
475799
476410
476872
477296
477874
478290
478772
479387
479903
480348
480745
481269
481760
482277
482810
483375
483859
484416
484934
485481
485891
486235
486751
487302
487826
488203
488726
489264
489887
490396
490787
491173
491697
492120
492519
493047
493479
493995
494530
495517
495962
496458
496976
497398
497910
498520
498948
499365
500074
500510
501007
501498
501950
502470
502864
503347
503671
504130
504643
505083
505639
506164
506581
507042
507647
508630
509099
509509
509823
510270
510700
511289
511838
512250
512658
513178
513664
514785
515298
515853
516418
516873
517357
518463
519413
520019
520505
520980
521452
522494
524064
524466
524986
525486
525976
526288
526833
527311
527689
528026
528429
528828
529396
529779
530213
530640
531069
532107
532548
532956
533444
533882
534279
534610
535114
535504
535916
536386
536819
537835
538308
538738
539107
539633
540052
540516
540844
541367
541740
542234
542639
544891
545708
546068
546532
546768
547226
547651
548541
548986
549465
549904
550405
550729
551199
551692
552189
552511
553359
553737
554150
554583
555102
555623
556056
556435
556813
557198
557685
558065
558484
559309
559742
560103
560578
561060
561452
561727
562060
562432
562839
563224
563602
564008
564448
564886
565245
566565
566964
567312
568193
568617
568972
569361
569779
571983
572819
573173
574945
575280
576132
576556
576986
577292
577619
578754
579957
581583
581960
582344
582689
583085
583416
583832
584203
585023
585808
586119
586511
587229
588368
588971
589219
589566
589986
590488
590799
591997
592363
592771
593158
594034
594396
594752
595159
596732
597051
598282
598719
599045
599715
601198
601469
602508
603979
605211
605828
606174
606556
606900
607279
607609
608000
608642
609278
609588
609929
611695
613911
617365
619135
620444
621423
623976
